id;date;author
f82cd5a9ff4821fe90f7769b160dc5aa2642b753;2018-06-15 01:15:11;cpw
4d4514da00d2f4d30361553d5de2ad7e784c0e92;2018-06-15 01:34:07;cpw
d8268da8ea835fa82014182203fed36a43f82d8d;2018-06-15 01:39:36;cpw
18fb85733a1cbf685907929ace4cfd5e82f4fff5;2018-06-15 01:45:32;cpw
bb1672577cf34a886aec682b2f31033326a5dfec;2018-06-15 02:46:16;cpw
59b4ee616770c98dc384f711140c1c0bdaa38249;2019-01-23 21:42:35;LexManos
b6ef19c5daeafd86102648272f21c2244f6232a9;2019-01-23 22:48:53;LexManos
799283a86438562dea125df21644470f6d957ebc;2019-01-24 01:11:22;LexManos
e26b343c1606b3b9d7c750b21aac9acf026f1454;2019-02-17 10:12:16;LexManos
59135fcd94aecc95e2897d96bddfea3416fd1130;2019-02-22 02:53:55;LexManos
7d54b8abf50527ac41ff1233cdc43b2fd84840e3;2019-02-22 05:22:09;LexManos
0137902c5dfcec2e6c51d8499aa171e9e78825d5;2021-04-24 21:41:03;cpw
9f2f17147de580691f4aed4c6e8790e84b38684c;2021-04-24 21:45:15;cpw
60b29a3d319bbe2fe04d9b59d23837b0fc5811d4;2021-04-24 21:46:21;cpw
35078e70218cb4c237a4315b1504dacd8f58d0d7;2021-04-24 21:48:06;cpw
0af17e91cbaff6735d47878eafbc910e64a4c860;2021-04-24 21:53:19;cpw
8aa962e0ac77c0d376c1d1e2f9c1c412fd215560;2021-04-24 21:56:32;cpw
daffda042b36f77b9c2599d25e3432a2855712eb;2021-04-24 21:58:52;cpw
8c3d7399279a731e5dc09773de775e27715d84a0;2021-04-24 21:59:52;cpw
d298a1376e19f0114b28d34c7d117b906f76b641;2021-04-24 22:01:55;cpw
6b0412080a5033a6cfc590d2ffb911ffeb8cdf5d;2021-04-24 22:03:20;cpw
fb144f6f192b71b1d23e8130af79e63668c1a467;2021-04-24 22:05:52;cpw
51e48b3189f1aeaeaf013054e0b2f4394969f064;2021-04-24 22:10:42;cpw
c0b8eb8efe2359c51c44073757ee7fb1241a6a95;2021-04-24 22:15:13;cpw
6fd11f8155370f5fbc58a3d9912b5465e52327a5;2021-04-24 22:16:47;cpw
7892c9bd4bcf8e05a265def864c55758a6865f61;2021-04-24 22:19:19;cpw
1bef66137b82c0165e0032fbf85f2c0ae212dd2f;2021-04-24 22:24:12;cpw
6963dcc80920b6c123d8e3e36fb918f998fb2c3c;2021-04-24 22:24:47;cpw
d9a79850d75d8c070680997cb51406666745beb0;2021-06-13 18:43:17;cpw
b234e0f32d3f30015203435b82a2df6017e97836;2021-06-13 18:45:14;cpw
7656fa42f52deac2fed11a8447f6b48ec0a6ae09;2021-06-13 18:46:09;cpw
0cb21c253106cf12eb15c14ef9ada539219a1e9d;2021-06-14 17:56:23;cpw
32c4c5af66a44ad9377a7e4b47ff7b13dccd2da3;2021-10-31 20:09:03;cpw
41b3a7e8ca2b3cefafd10631368eee6ae41c469e;2021-10-31 20:12:08;cpw
3c1e90e3b38a451ac20699a3be942c0ccb5e67e6;2021-10-31 20:15:24;cpw
